Таблиця 1.1 – Результати чисельного моделювання та трасування алгоритму сортування вибором
Ітерація | Масив перед ітерацією | Мінімум (індекс) | Обмін | Масив після ітерації
------------------------------------------------------------------------------------------------------------------------
0        | [90, 10, 15, 80, 100, 6, 57, 5, 29] | 7      | Обмін A[0]⇆A[7] | [5, 10, 15, 80, 100, 6, 57, 90, 29]
1        | [5, 10, 15, 80, 100, 6, 57, 90, 29] | 5      | Обмін A[1]⇆A[5] | [5, 6, 15, 80, 100, 10, 57, 90, 29]
2        | [5, 6, 15, 80, 100, 10, 57, 90, 29] | 5      | Обмін A[2]⇆A[5] | [5, 6, 10, 80, 100, 15, 57, 90, 29]
3        | [5, 6, 10, 80, 100, 15, 57, 90, 29] | 5      | Обмін A[3]⇆A[5] | [5, 6, 10, 15, 100, 80, 57, 90, 29]
4        | [5, 6, 10, 15, 100, 80, 57, 90, 29] | 8      | Обмін A[4]⇆A[8] | [5, 6, 10, 15, 29, 80, 57, 90, 100]
5        | [5, 6, 10, 15, 29, 80, 57, 90, 100] | 6      | Обмін A[5]⇆A[6] | [5, 6, 10, 15, 29, 57, 80, 90, 100]
6        | [5, 6, 10, 15, 29, 57, 80, 90, 100] | 6      | —               | [5, 6, 10, 15, 29, 57, 80, 90, 100]
7        | [5, 6, 10, 15, 29, 57, 80, 90, 100] | 7      | —               | [5, 6, 10, 15, 29, 57, 80, 90, 100]

Відсортований масив: [5, 6, 10, 15, 29, 57, 80, 90, 100]
Кількість порівнянь: 44, Кількість присвоєнь: 36, Сума базових операцій: 80
