Ітерація | Масив перед ітерацією         | Key | Зсуви вправо                           | Масив після ітерації
---------------------------------------------------------------------------------------------------------------
1        | [90, 10, 15, 80, 100, 6, 57, 5, 29] | 10  | Зсув: a[1] = a[0] (90)                | [10, 90, 15, 80, 100, 6, 57, 5, 29]
2        | [10, 90, 15, 80, 100, 6, 57, 5, 29] | 15  | Зсув: a[2] = a[1] (90)                | [10, 15, 90, 80, 100, 6, 57, 5, 29]
3        | [10, 15, 90, 80, 100, 6, 57, 5, 29] | 80  | Зсув: a[3] = a[2] (90)                | [10, 15, 80, 90, 100, 6, 57, 5, 29]
4        | [10, 15, 80, 90, 100, 6, 57, 5, 29] | 100 | —                                      | [10, 15, 80, 90, 100, 6, 57, 5, 29]
5        | [10, 15, 80, 90, 100, 6, 57, 5, 29] | 6   | Зсув: a[5] = a[4] (100); a[4] = a[3] (90); a[3] = a[2] (80); a[2] = a[1] (15); a[1] = a[0] (10) | [6, 10, 15, 80, 90, 100, 57, 5, 29]
6        | [6, 10, 15, 80, 90, 100, 57, 5, 29] | 57  | Зсув: a[6] = a[5] (100); a[5] = a[4] (90); a[4] = a[3] (80) | [6, 10, 15, 57, 80, 90, 100, 5, 29]
7        | [6, 10, 15, 57, 80, 90, 100, 5, 29] | 5   | Зсув: a[7] = a[6] (100); a[6] = a[5] (90); a[5] = a[4] (80); a[4] = a[3] (57); a[3] = a[2] (15); a[2] = a[1] (10); a[1] = a[0] (6) | [5, 6, 10, 15, 57, 80, 90, 100, 29]
8        | [5, 6, 10, 15, 57, 80, 90, 100, 29] | 29  | Зсув: a[8] = a[7] (100); a[7] = a[6] (90); a[6] = a[5] (80); a[5] = a[4] (57) | [5, 6, 10, 15, 29, 57, 80, 90, 100]

Відсортований масив: [5, 6, 10, 15, 29, 57, 80, 90, 100]
Кількість порівнянь: 27
Кількість присвоєнь: 68
Сума базових операцій: 95
